5.112979786528882187e+00	2.335912891912517164e+00	1.043412968844601663e+00	-1.755827455640702750e+00	3.103084070645290904e+00	-2.004597891910281593e+00	1.498993062065106185e+00	1.509959206252821318e+00	1.753504608877642701e+00	1.111123070127026269e+00	1.221848329923353460e-01	-6.037379715801071134e-01	5.592823038834461302e-01	5.961143599172404883e-01	-6.839873445209587732e-01	-1.008530368156983048e+00	-3.994446952742464196e-01
5.726870878766309403e+00	1.393127125484863837e+00	8.105223188951293789e-01	-4.975430836370434151e-01	1.510989737623192442e+00	1.434101491575765941e+00	-8.379030023916191894e-01	9.901501420420510957e-01	1.476657707136119491e-01	3.888545064523651895e-01	-1.071615058979469015e-01	1.740535429788676591e-01	6.845562688527933037e-01	-3.433190652353506067e-01	6.989685130102958610e-02	-1.305625790467372371e-01	-1.543191377451063606e-01
-9.350103352798033285e+00	2.728853451375615968e+00	4.950521726465484385e-01	2.320262633645279737e-01	4.962110617012453595e+00	-1.003633606821508373e+00	-2.086344110598526758e+00	1.645451126283167920e+00	-2.053485355857501027e+00	4.239813909321852314e+00	-1.037279018897625527e+00	8.024021178690037281e-01	8.579318123208965474e-01	1.224916193179233392e+00	-1.214559963657752539e-01	-1.004077455355494086e+00	-3.640213194256314289e-01
3.096071165878294007e+00	1.229372569207368926e+00	-1.166586230579217620e+00	-7.554246605414380866e-01	-1.342832245991071094e+00	1.669409062876793026e+00	8.827694142062567639e-01	4.299549525694073893e+00	3.354032087452055055e+00	3.447088687598833356e+00	-8.219596118888896630e-01	-9.163414150194213459e-01	4.329172550410802511e-01	-8.424943101143347879e-03	-1.117540305268824197e+00	-2.143724142877838912e-01	6.735412376159384262e-01
6.397554226850466819e+00	8.838516722735221265e+00	-5.938128728322970673e+00	-2.336966466993950942e+00	-3.313260604299844037e+00	-5.579019874412572966e-01	6.674033750959084799e+00	1.380496696713783145e+01	1.104388466227725729e+01	1.567582394937071832e+01	-1.027595162520704264e+00	2.998455265834046868e-01	2.773946916970648324e+00	7.232746833852872204e-01	-2.935450474683717559e+00	4.835850792347773930e-01	1.060862963302122708e+00
2.100633098493245754e+00	-1.572716645979288508e-01	2.072798683441401391e-01	1.964844305656743284e-02	-5.948946927705969223e-01	2.934358520109041635e-01	-3.319173804172249831e+00	9.125311778614686453e-01	3.521246484577338076e-02	-2.892770180640172328e-01	1.779327992487739207e+00	2.707536512470802292e-01	-1.471475279953897486e+00	-4.116263488214507715e-01	4.601802513167154718e-01	4.948452390484627816e-01	1.537272522771151728e-01
-5.448945538581450032e-01	-5.780315313868098492e-01	-2.880550926849520188e+00	1.741508170418163193e+00	-8.570418307733620011e+00	1.850222561085441697e+00	-1.568678779601338391e+00	2.234308336709746712e+00	1.018105433554412853e+00	9.439161045847928033e-01	-3.382776613993957460e-01	1.877168923100288378e+00	-3.213611666273016532e+00	-1.046803276071057942e+00	-3.626155042808878459e-01	1.883088388932617985e+00	1.517285262053850614e+00
3.386899723044792587e+00	-1.400745053950464003e+00	1.383322805976665348e+00	2.403188541833567893e+00	-1.237939603945729328e+00	-1.959270604302429719e+00	-3.664187123063822771e+00	-3.967918236168262780e+00	-5.054240138621414857e+00	-2.237076195375916066e-01	3.359896162960998023e+00	2.229821939909491402e+00	1.260310493526651254e-01	-7.020788826374857461e-03	1.657066222631949248e+00	2.613563084165159811e+00	-1.346375690115818036e-01
9.902727058775495639e-02	-1.715595616673567747e+00	9.432027428086524612e-01	1.062895812225699954e+00	-1.710471532687176666e+00	-6.825078791861458605e-01	2.954893655200085956e-02	-1.226350905230252364e-01	-1.155337030868553994e+00	1.794479167767103256e+00	-1.365091555703714654e-01	-2.599946278399600796e-02	-3.132035168052134111e-01	-4.714720841451209288e-01	3.483904684977847110e-01	-1.580391473624684906e-01	-9.345203821659668619e-02
-6.207532340881305899e+00	1.782102801202967157e+00	1.187662327522356565e+00	-1.992003687420021985e-01	3.650917091616347587e+00	1.143183635375898399e-01	-8.823656641061500272e-01	3.210160125259022834e-01	-1.149890405319961229e+00	-2.127331203199052667e-01	1.950367752932837262e-01	1.182857489123457229e-01	-3.300672462675996455e-01	-2.941725316727186179e-01	1.905109029062530823e-01	1.895880328043723084e-01	2.831765781767726642e-01
-2.777594976143265004e+00	5.841676963236228648e-01	5.504722855979433671e-01	-3.411983663483386109e-01	1.100754865087641532e+00	-2.064054552535093401e-01	-2.438511252903792670e+00	1.535599080001446737e+00	5.692408842568361660e-01	-5.548800307419290423e-01	1.517371177851128961e-01	1.103231875029031528e-01	1.032680535507105368e+00	3.845079060501954693e-02	4.601736346433114022e-01	4.812659349836742595e-02	-4.000168104271632497e-01
-1.033730747833861763e+00	7.515350752196259254e-02	2.245134092909590429e+00	3.812526711242724131e-01	2.975470264479056048e+00	-1.099975006476480388e+00	-8.612038155492796054e-02	1.595709767595384632e+00	-5.396003702215696585e+00	2.141807850858913120e+00	2.235494350032904975e-01	-3.621252576789947830e-01	2.493561435539848603e-01	-4.812646533348600153e-01	5.853552679146154514e-01	4.591291941882474914e-02	1.426248794601216452e-01
2.638897651077435125e+00	-1.135722618480822899e+00	7.008203481716300531e-02	6.109554450451060159e-01	-1.781572836797190806e+00	8.282522512599768683e-02	-1.162029293791848827e+00	-4.354571734447947762e+00	-2.859707576088683201e+00	1.677720158394669925e-01	-7.486554809171849234e-01	1.091121112261998760e-01	1.752267819139653737e-01	6.036472453881456257e-01	4.871366977715730351e-01	3.101114813617744659e-02	1.397195271790366400e+00
5.340946718467055376e+00	2.194856067211690964e-01	-4.252273896174119105e-01	1.062028624631629059e+00	1.261790471248185774e+00	-1.034094040123731961e+00	2.486881208370585461e-01	9.907357699102072035e-02	-8.428620399543020891e-01	1.359366930497867054e+00	6.528389252957544908e-01	5.547462907447796576e-01	-4.755526072866161913e-02	6.578839813324854902e-02	-2.684438728531374219e-02	4.030154938072579296e-01	-4.505255418752390772e-01
5.534685865250977166e+00	-2.513312814626861513e+00	-7.085649891091547747e-01	9.871578737719850782e-02	-3.228375877372350544e+00	-3.568192226109132004e-01	1.501988407346563248e+00	1.211337093086873207e+00	2.418211259255777179e+00	-1.508438682863176394e+00	1.192346001016218182e-01	7.424655850864538831e-01	-1.719735793836190130e-01	-1.958465771812072931e-01	1.727993575022600814e-01	5.340218466513468876e-01	-3.023512516261547822e-01
6.820242782958427341e+00	7.732123172530194211e-01	-2.242698704324324055e+00	2.751699449771128680e+00	-5.101092183622440324e+00	4.126821404209035093e-01	8.207165244945391347e-01	1.286246630770222721e+00	-1.741209774233402729e+00	4.629179332707001215e+00	3.140157000974311274e-01	1.704228041082852529e+00	-4.331284912739111093e+00	-1.512859864675926591e+00	-2.124229799471405666e+00	3.538665811057907895e+00	1.402587019296531956e+00
